137
139
147
192
111
116
196
111
177648
121
146
193
170
1957848874893020292
139
196
191
126
169
129
188
117
186
183
119
117
120
172
150
192
161
110
164
114
177
184
180
109
136
179
134
168
183
117
191
136
119
121
121
174
194
131
146
113
108
128
109
168
134
116
178
156
152
199
112
193
156
114
163
154
189
105
142
143
111
155
141
177
122
118
106
191
132
105
157
121
133
113
191
193
123
195
125
107
102
199
169
127
134
186
161
152
182
146
178
147
185
132
137
191
158
180
116
102
169
181
166
119
131
179
127
145
179
161
195
156
146
144
119
198
153
186
173
103
158
104
129
179
182
113
141
146
189
195
174
199
184
145
152
100
106
175
137
193
173
189
192
169
157
158
156
148
149
151
187
147
130
121
147
194
151
100
114
157
104
137
193
124
162
187
108
160
159
168
120
141
184
185
173
148
105
194
139
120
108
110
152
107
187
197
180
102